10 10 2
0 0.600045 3.46485e-308 0.551596 -1.76511e-06 0.700348 -2.046e-05 0.0963751 2.44689e-05 0.208912 -1.30476e-05 0.364873 1.41059e-05 0.118637 1.08389e-05 0.0877623 1.14524e-05 0.235679 -0.000293526 0.842925 3.14132e-06 0.131319 -7.76023e-07
1 0.359978 3.46485e-308 0.817864 -1.91889e-06 0.511439 -1.18212e-05 0.118059 1.39211e-05 0.427663 -8.51196e-06 0.609685 6.96939e-06 0.162919 6.46827e-06 0.740298 6.25334e-06 0.5073 -0.00036219 0.125599 1.6159e-06 0.513348 5.27449e-07
2 0.600086 3.46485e-308 0.698048 -1.76438e-06 0.748562 -2.04599e-05 0.842386 2.44682e-05 0.238355 -1.30461e-05 0.655741 1.41067e-05 0.563558 1.08383e-05 0.435325 1.14527e-05 0.241786 -0.000293481 0.391126 3.14152e-06 0.648174 -7.76807e-07
3 0.360028 3.46485e-308 0.198795 -1.91884e-06 0.32604 -1.18222e-05 0.545923 1.39222e-05 0.296583 -8.51219e-06 0.242606 6.97054e-06 0.453056 6.46886e-06 0.578362 6.25397e-06 0.0412971 -0.000362141 0.857218 1.6161e-06 0.88201 5.2728e-07
4 0.600127 3.46485e-308 0.208158 -1.76364e-06 0.44981 -2.04597e-05 0.80334 2.44673e-05 0.881862 -1.30444e-05 -0.0161275 1.41074e-05 0.289554 1.08375e-05 0.666949 1.14529e-05 -0.305101 -0.000293446 0.456707 3.14169e-06 0.56888 -7.77592e-07
5 0.360077 3.46485e-308 0.906488 -1.91876e-06 0.32662 -1.1823e-05 0.573659 1.3923e-05 0.923889 -8.51225e-06 0.83268 6.97154e-06 0.456471 6.46928e-06 0.678976 6.2545e-06 0.111871 -0.000362107 0.412989 1.61627e-06 0.257814 5.27086e-07
6 0.600164 3.46485e-308 0.914136 -1.76291e-06 0.942923 -2.04594e-05 0.157127 2.44664e-05 0.323031 -1.30428e-05 0.146502 1.4108e-05 0.360623 1.08368e-05 0.723945 1.14532e-05 -0.128792 -0.000293409 0.410865 3.14187e-06 0.680662 -7.78376e-07
7 0.360121 3.46485e-308 0.376746 -1.91869e-06 0.313558 -1.18239e-05 0.976285 1.39239e-05 0.955778 -8.51238e-06 0.0275693 6.97252e-06 0.970674 6.46973e-06 0.927514 6.25505e-06 0.729307 -0.00036207 0.262562 1.61644e-06 0.230376 5.26908e-07
8 0.600205 3.46485e-308 0.5516 -1.7622e-06 0.007525 -2.04593e-05 0.104164 2.44656e-05 0.842144 -1.30412e-05 0.15895 1.41088e-05 0.662992 1.08362e-05 0.65136 1.14535e-05 0.0249029 -0.000293363 0.823594 3.14205e-06 0.776086 -7.79137e-07
9 0.360168 3.46485e-308 0.224397 -1.91861e-06 0.964427 -1.18247e-05 0.655286 1.39248e-05 0.385354 -8.51247e-06 0.254808 6.97356e-06 -0.00698939 6.4702e-06 -0.00770089 6.25559e-06 0.406589 -0.000362024 0.812687 1.61662e-06 0.242155 5.26725e-07
10 1 3.46485e-308 0.0267433 1.41581e-05 -0.26458 -1.55801e-05 -0.230427 1.0308e-05 -0.38507 1.44584e-05 0.85288 2.34053e-05 0.313562 -5.89209e-06 -0.256393 1.64567e-05 -1.06126 -4.14587e-05 0.628812 6.52767e-06 0.384031 -1.81952e-05
0 0.990829 -3.19397e-05 0.12506 0.000391455 -0.206003 -3.06546e-05
1 0.981047 -0.00019732 -0.157409 0.000368495 -0.36811 -2.89917e-05
2 0.964374 0.000255893 -0.202718 0.000349629 0.403377 -6.49693e-05
3 0.975176 -0.000128822 0.323461 0.000354585 -0.373373 -3.36366e-05
4 0.981875 0.000192138 0.321975 0.000403758 0.298732 -7.82358e-05
5 0.977772 0.000162271 -0.204777 0.000387026 0.407282 -6.75885e-05
6 0.981377 9.96926e-05 0.180545 0.00036749 0.14255 -2.87971e-05
7 -0.355544 0.0120978 0.853273 -0.000347386 0.763132 -0.000614509
8 0.997139 2.60633e-05 0.447397 0.000415557 0.173381 -5.11065e-05
9 0.993099 1.29811e-05 -0.301966 0.000405566 0.221802 -4.75675e-05
10 1 0 0.458741 0.000429221 -0.0514925 -6.67117e-05
0 0.591637 0.00559458
1 0.346716 0.0118793
2 1 3.46485e-308
